1 794.903990348717 639 527
2 674.842589369097 786 380
3 450.854524646696 1040 126
4 288.904005368900 1107 59
5 199.514206089957 1134 32
6 152.371590672733 1136 30
7 125.307303726746 1139 27
8 108.043493819792 1140 26
9 96.062749097231 1143 23
10 87.213599314601 1143 23
0.006256524809 0 0
0.945421031285 1 1
0.004559280145 0 0
0.166106706027 0 0
0.003159952793 0 0
0.930123555733 1 1
0.030288589212 0 0
0.004347034114 0 0
0.964031588382 1 1
0.004950023102 0 0
0.012437933844 0 0
0.929679207638 1 1
0.958047300516 1 1
0.004814760040 0 0
0.023983138791 0 0
0.232999089814 0 0
0.930690334552 1 1
0.004910952236 0 0
0.009971466011 0 0
0.006227403678 0 0
0.039840497776 0 0
0.025647490642 0 0
0.945067363471 1 1
0.004095955325 0 0
0.018341091344 0 0
0.957863676903 1 1
0.946829572006 1 1
0.960818196973 1 1
0.920718765837 1 1
0.004924143248 0 0
0.959989760711 1 1
0.017772592672 0 0
0.012740152061 0 0
0.956325144432 1 1
0.015141777425 0 0
0.041380343844 0 0
0.003089481999 0 0
0.002933364481 0 0
0.923680730574 1 1
0.888971388159 1 1
0.009613872763 0 0
0.588550939489 1 0
0.004414297639 0 0
0.006259898018 0 0
0.013231867898 0 0
0.958394985722 1 1
0.120682928510 0 0
0.934269931819 1 1
0.009887524595 0 0
0.957393571545 1 1
0.004757195772 0 0
0.926084823311 1 1
0.006654391734 0 0
0.009337621749 0 0
0.951832126346 1 1
0.942805987586 1 1
0.007317239418 0 0
0.871055714638 1 1
0.035331220084 0 0
0.924022209055 1 1
0.009415845980 0 0
0.006507921911 0 0
0.861350128850 1 1
0.113155235894 0 0
0.003755208920 0 0
0.941203948719 1 1
0.946743598943 1 1
0.006365419549 0 0
0.049014265392 0 0
0.931122852981 1 1
0.004924155578 0 0
0.062551279600 0 0
0.009089266564 0 0
0.943246867920 1 1
0.015243819342 0 0
0.018618807188 0 0
0.939763408377 1 1
0.962094339144 1 1
0.003048041970 0 0
0.826280637584 1 1
0.009415250449 0 0
0.006205622910 0 0
0.013268183240 0 0
0.041614910668 0 0
0.018283602169 0 0
0.009926302437 0 0
0.955563014041 1 1
0.959216111549 1 1
0.002922089753 0 0
0.004913492838 0 0
0.002611690678 0 0
0.949362758835 1 1
0.942405922185 1 1
0.740804924071 1 1
0.861701527672 1 1
0.008715391988 0 0
0.949203989949 1 1
0.009573103961 0 0
0.934541363171 1 1
0.007485195260 0 0
0.003118789218 0 0
0.960372548177 1 1
0.867235973294 1 1
0.052332807760 0 0
0.924593038891 1 1
0.920013170352 1 1
0.926991215085 1 1
0.011376652669 0 0
0.958401637411 1 1
0.003247692807 0 0
0.002943294210 0 0
0.004746579479 0 0
0.922695392233 1 1
0.004874394636 0 0
0.936688485136 1 1
0.491096052432 0 1
0.939664439510 1 1
0.002762929383 0 0
0.007991831133 0 0
0.956024749770 1 1
0.907988472773 1 1
0.005237229230 0 0
0.960340756355 1 1
0.937147454469 1 1
0.090871511514 0 0
0.003061872028 0 0
0.956937837258 1 1
0.941361648462 1 1
0.010796084602 0 0
0.946986146872 1 1
0.877449439533 1 1
0.938644891096 1 1
0.006270537432 0 0
0.935523468558 1 1
0.017584823187 0 0
0.015014776829 0 0
0.052131705825 0 0
0.955015384579 1 1
0.004131871328 0 0
0.692007577863 1 0
0.954670672013 1 1
0.933311313885 1 1
0.908444361998 1 1
0.005163717582 0 0
0.005955981348 0 0
0.003730175897 0 0
0.003883623835 0 0
0.010062795120 0 0
0.004898683220 0 0
0.954891791254 1 1
0.007003461103 0 0
0.003746194539 0 0
0.937243610709 1 1
0.002722737586 0 0
0.011210567819 0 0
0.010630358844 0 0
0.858118519790 1 1
0.954421871345 1 1
0.932470595946 1 1
0.007301348776 0 0
0.007745561726 0 0
0.955229068011 1 1
0.007329622244 0 0
0.692007577863 1 0
0.922113969909 1 1
0.937160556089 1 1
0.082632184946 0 0
0.956469494968 1 1
0.005656147297 0 0
0.013431638354 0 0
0.962990351173 1 1
0.007064281978 0 0
0.003006489412 0 0
0.003433908982 0 0
0.895792745010 1 1
0.860961618326 1 1
0.013231604066 0 0
0.906831412479 1 1
0.005512630108 0 0
0.008853311259 0 0
0.942367566836 1 1
0.733563326023 1 1
0.678597056706 1 1
0.005396217339 0 0
0.025073671841 0 0
0.007944283296 0 0
0.004862004488 0 0
0.003187525369 0 0
0.006980654347 0 0
0.007594437128 0 0
0.895391986798 1 1
0.011619030542 0 0
0.006469509257 0 0
0.003085505423 0 0
0.960790612981 1 1
0.003719339749 0 0
0.003184961646 0 0
0.936040472231 1 1
0.007413707917 0 0
0.963623258972 1 1
0.003306311526 0 0
0.953882709087 1 1
0.869343863955 1 1
0.947557238790 1 1
0.947769387587 1 1
0.002708380798 0 0
202 4
0.977272727273
