1 7766.034480827409 12514 3653
2 6537.058535320018 13376 2791
3 6083.300973961736 13584 2583
4 5920.928701965506 13678 2489
5 5802.056963086783 13747 2420
0.732676844556 1 1
0.389943187966 0 0
0.022082610185 0 0
0.547600964365 1 1
0.012224343455 0 0
0.385747599560 0 1
0.176864016581 0 0
0.665148646563 1 0
0.032226538873 0 0
0.047830631683 0 0
0.159309980387 0 0
0.232443242474 0 0
0.241119364964 0 1
0.005381766035 0 0
0.378245961294 0 1
0.277318186200 0 0
0.784621645993 1 1
0.217059023409 0 0
0.015409847283 0 0
0.785307000954 1 1
0.022711343678 0 0
0.537309411790 1 1
0.755635919784 1 1
0.066592539356 0 0
0.530159937356 1 0
0.948043395518 1 1
0.009492103995 0 0
0.241886895857 0 0
0.899626956605 1 1
0.028582017064 0 0
0.971811943197 1 1
0.157679722769 0 0
0.024858252695 0 0
0.013439070178 0 0
0.347070219346 0 1
0.119195988089 0 0
0.029165260107 0 0
0.652285947165 1 1
0.020052181778 0 0
0.133525686667 0 0
0.012607801658 0 0
0.022085470691 0 0
0.071458845125 0 0
0.340815368689 0 1
0.661251231284 1 1
0.025660589079 0 0
0.969217091495 1 1
0.170317039900 0 0
0.034900676748 0 0
0.827264669885 1 1
0.900542068456 1 1
0.033777940613 0 0
0.839719049191 1 1
0.309066551851 0 1
0.618744273676 1 1
0.043132206029 0 0
0.933730320666 1 1
0.130511032218 0 0
0.921671777052 1 1
0.454726802340 0 0
0.022360055814 0 0
0.086707432043 0 1
0.252937348480 0 1
0.011250554836 0 0
0.080987314078 0 0
0.827032183387 1 1
0.186293972432 0 0
0.448443413728 0 0
0.084165954794 0 0
0.139480247401 0 0
0.062017130468 0 0
0.061569636094 0 0
0.124672979821 0 0
0.075220288160 0 0
0.946357728970 1 1
0.144646783551 0 0
0.509686025134 1 0
0.967073651824 1 1
0.079577102417 0 0
0.087440922475 0 0
0.956019133040 1 1
0.460724689125 0 1
0.968444843269 1 1
0.041477867738 0 1
0.957758234254 1 1
0.199580888874 0 0
0.770795968998 1 1
0.004541771083 0 0
0.166575700630 0 1
0.006526805607 0 0
0.932149077928 1 1
0.036874171586 0 0
0.968879455835 1 1
0.953279560704 1 1
0.002657180544 0 0
0.156377073873 0 1
0.838643610222 1 1
0.080979372891 0 0
0.025859426180 0 0
0.289667002248 0 0
0.094541030689 0 0
0.020483913718 0 0
0.247493097539 0 0
0.972736700886 1 1
0.045550992714 0 0
0.539775844886 1 0
0.174968472010 0 0
0.023264099068 0 0
0.005418778894 0 0
0.968419968163 1 1
0.238857001964 0 0
0.024247179619 0 0
0.890950153384 1 1
0.946565765095 1 1
0.104943904496 0 0
0.235057896158 0 1
0.060951280153 0 0
0.259933425519 0 0
0.149578413498 0 0
0.108423530058 0 0
0.009327923041 0 0
0.344271122283 0 1
0.231977621858 0 0
0.437965207017 0 1
0.416062177016 0 1
0.968762938487 1 1
0.513337725459 1 1
0.926841564677 1 1
0.412830740785 0 1
0.004697337962 0 0
0.072635632948 0 0
0.104272862828 0 0
0.004953274356 0 0
0.538104365271 1 1
0.333098969210 0 0
0.934426680245 1 1
0.423993649874 0 1
0.286463111766 0 0
0.189008951305 0 1
0.068682316289 0 0
0.006813801173 0 0
0.296196840458 0 0
0.004509624295 0 0
0.061069813037 0 0
0.581885690433 1 1
0.107462764628 0 0
0.524728717312 1 1
0.043151648224 0 0
0.872660987699 1 1
0.242438580943 0 0
0.030049069293 0 0
0.737818926758 1 0
0.125410546385 0 0
0.475395190495 0 1
0.206905168548 0 0
0.362764244914 0 1
0.431224199247 0 0
0.201864771652 0 0
0.160796109826 0 0
0.023087830450 0 0
0.009160183953 0 0
0.079351100724 0 0
0.060471556090 0 0
0.026096575858 0 0
0.789599111940 1 1
0.057199064760 0 0
0.063573912796 0 0
0.082671472975 0 0
0.639927740930 1 1
0.009199581395 0 0
0.036661694658 0 0
0.162428166171 0 0
0.331626489126 0 0
0.011032106698 0 0
0.070526616112 0 0
0.071897859211 0 0
0.083134778093 0 1
0.891165701825 1 1
0.181459986379 0 0
0.006706480060 0 0
0.034958869313 0 0
0.704756717384 1 1
0.450447840638 0 0
0.048482941961 0 0
0.035655822318 0 0
0.008496243156 0 0
0.026246262474 0 0
0.131556849864 0 0
0.671564385689 1 1
0.298319146678 0 0
0.948636853322 1 1
0.118901321324 0 0
0.778447809893 1 1
0.112894064891 0 0
0.466529610035 0 0
0.057807244771 0 0
0.031134679479 0 0
0.232913310588 0 0
0.054889779465 0 1
0.811241448940 1 1
0.746893783560 1 1
0.056214688318 0 0
0.050397796991 0 0
0.142038182583 0 1
0.184706323335 0 0
0.362259550041 0 1
0.004716362349 0 0
0.439290841156 0 1
0.262329391399 0 0
0.906563326861 1 1
0.024317320144 0 1
0.563836352646 1 1
0.147491066415 0 1
0.937961868966 1 1
0.972656887480 1 1
0.020272035843 0 0
0.302348275453 0 0
0.010988290921 0 0
0.012160780746 0 0
0.128290870644 0 1
0.021763925868 0 0
0.377687251379 0 1
0.321164982952 0 0
0.070739173763 0 0
0.004330713846 0 0
0.405304067841 0 1
0.433016540662 0 0
0.007365195306 0 0
0.440927595325 0 1
0.249995355250 0 1
0.972665233754 1 1
0.065255235463 0 0
0.937538457898 1 1
0.151487449025 0 0
0.048729457352 0 0
0.083014665934 0 0
0.025254573454 0 0
0.067824750037 0 0
0.066897016938 0 0
0.944773484830 1 1
0.737437316079 1 1
0.201926099712 0 0
0.248190008094 0 0
0.025727923956 0 1
0.210815398504 0 1
0.464868828824 0 1
0.306210662265 0 1
0.032913494126 0 0
0.031508041376 0 0
0.202033658323 0 0
0.064426047702 0 0
0.032619068049 0 0
0.014592602920 0 0
0.125213643317 0 1
0.468923550185 0 1
0.015334974373 0 0
0.125894716143 0 0
0.871945255433 1 1
0.388329372011 0 1
0.038927952239 0 0
0.966413209936 1 1
0.296894343768 0 0
0.006410686002 0 0
0.883427702228 1 1
0.029432262947 0 0
0.345497833765 0 0
0.020503355460 0 0
0.147152718697 0 1
0.059675309763 0 0
0.068805984969 0 0
0.072875991895 0 0
0.158575236889 0 0
0.164754463046 0 0
0.077009043561 0 0
0.241000820359 0 0
0.015883196307 0 0
0.161898606681 0 0
0.410007755705 0 0
0.146175343111 0 0
0.126655649879 0 0
0.009174650846 0 0
0.127405755694 0 0
0.432788764470 0 1
0.380931473060 0 1
0.123275878291 0 0
0.438995716546 0 1
0.079510222989 0 0
0.019382991753 0 0
0.970134055501 1 1
0.312318847100 0 1
0.620144180373 1 1
0.881405675860 1 0
0.559029829726 1 0
0.081988269957 0 0
0.803324092683 1 1
0.005280403052 0 0
0.541898813391 1 0
0.205055791143 0 0
0.819857498596 1 1
0.842325551805 1 1
0.055218687993 0 0
0.019868279882 0 0
0.006205061363 0 0
0.013269373714 0 0
0.290311793649 0 0
0.093548103629 0 0
0.038951379106 0 0
0.923053066672 1 1
0.074100866244 0 0
0.100585313936 0 0
0.033660909672 0 0
0.390334023876 0 0
0.005694690026 0 0
0.124672836848 0 1
0.873415707301 1 1
0.164429936048 0 0
0.084438285360 0 0
0.964495634691 1 1
0.961947609369 1 1
0.085944574559 0 0
0.954609477198 1 1
0.908357882651 1 1
0.050048065040 0 0
0.007275976007 0 0
0.077617419111 0 1
0.959361821894 1 1
0.004321078911 0 0
0.972358380632 1 1
0.044620578906 0 0
0.005173415239 0 0
0.559094130661 1 1
0.861367376670 1 1
0.091873056219 0 1
0.444638923060 0 0
0.109078575397 0 0
0.025159419143 0 0
0.018135367726 0 0
0.144949414733 0 1
0.758688449653 1 1
0.157982745559 0 0
0.017058297819 0 0
0.489429894271 0 0
0.599498315000 1 1
0.354356058814 0 0
0.007072505296 0 0
0.147084773622 0 1
0.318324596366 0 0
0.086197661497 0 0
0.584027254955 1 1
0.012595244506 0 0
0.455346910497 0 0
0.069122376692 0 0
0.685952576015 1 1
0.372230644710 0 0
0.941579572990 1 1
0.288126092649 0 0
0.407614419051 0 0
0.942689275915 1 1
0.971291946540 1 1
0.144751363923 0 0
0.680794671518 1 1
0.118259974248 0 0
0.957903062535 1 1
0.747580777263 1 0
0.033566397089 0 0
0.405495656174 0 0
0.526495441657 1 0
0.019488529092 0 0
0.052531310600 0 0
0.023878300013 0 0
0.216575801767 0 0
0.317904859657 0 1
0.119248752584 0 0
0.893884466235 1 1
0.062033821619 0 0
0.037328085886 0 0
0.109232900047 0 0
0.681354119762 1 1
0.027309514829 0 0
0.022536526728 0 1
0.016631880556 0 0
0.910828619528 1 1
0.972585018575 1 1
0.957643094088 1 1
0.015248647379 0 0
0.306160563310 0 1
0.879719753296 1 1
0.970044755491 1 1
0.605416311326 1 1
0.012991788933 0 0
0.889578414925 1 1
0.919332125356 1 1
0.236653010643 0 0
0.972942212575 1 1
0.039516336725 0 0
0.153140824986 0 0
0.103826674169 0 0
0.221032819297 0 0
0.969525934525 1 1
0.969990791418 1 1
0.473093881324 0 0
0.081814794618 0 0
0.083656942632 0 0
0.972928921909 1 1
0.011187800418 0 0
0.948847392423 1 1
0.067893834049 0 1
0.310957647449 0 1
0.105167780050 0 0
0.966613519708 1 1
0.151789794316 0 0
0.923750782313 1 1
0.033166300797 0 0
0.013154057343 0 0
0.402052090817 0 0
0.039168446885 0 1
0.479981081676 0 1
0.695225010910 1 1
0.436916417554 0 1
0.030684734966 0 0
0.108974215149 0 0
0.928476439912 1 1
0.909557239601 1 1
0.483313144756 0 0
0.096837795170 0 0
0.233414223918 0 1
0.076440356224 0 0
0.130595700460 0 0
0.204751517875 0 0
0.353108474399 0 0
0.007999836191 0 0
0.050038004301 0 1
0.089898000681 0 0
0.643346140514 1 1
0.133597037551 0 0
0.047424839462 0 0
0.017354503318 0 0
0.584996597865 1 0
0.135469596544 0 0
0.195712304441 0 0
0.250526350311 0 0
0.176123001272 0 1
0.707364697622 1 0
0.195669777756 0 1
0.021035787158 0 0
0.019341255154 0 0
0.048408374932 0 0
0.593503343639 1 1
0.096289717800 0 0
0.331878805292 0 0
0.122934033589 0 0
0.011842266730 0 0
0.141305529487 0 0
0.183529956480 0 0
0.956715725319 1 0
0.012333697421 0 0
0.724184293955 1 1
0.034133891618 0 0
0.077544454506 0 0
0.049539449922 0 0
0.516729548358 1 1
0.859595783327 1 1
0.042553473508 0 0
0.306825169460 0 1
0.094060202833 0 0
0.959624094543 1 1
0.350654369311 0 1
0.021369684757 0 0
0.941650729231 1 1
0.006934183518 0 0
0.252834292164 0 0
0.058595940754 0 0
0.364710627149 0 0
0.023831851114 0 0
0.488410320214 0 0
0.173258847420 0 1
0.325714451839 0 0
0.860081657961 1 1
0.150189996067 0 1
0.081876576602 0 0
0.906045733403 1 1
0.930669218550 1 1
0.912084786799 1 1
0.909592890098 1 0
0.306781447653 0 1
0.097296575478 0 0
0.323922076255 0 0
0.645963357471 1 1
0.039279151556 0 0
0.223887952985 0 0
0.045383864627 0 0
0.327465442590 0 0
0.904293766408 1 1
0.962535654402 1 1
0.034252220564 0 0
0.713117849120 1 1
0.059147125036 0 0
0.110180375036 0 0
0.969950975331 1 1
0.561505432288 1 0
0.032451948250 0 0
0.876540915647 1 1
0.013452402370 0 0
0.008153029856 0 0
0.173192998508 0 0
0.435349488099 0 1
0.846236439950 1 1
0.102048690969 0 0
0.090392096624 0 0
0.518932569924 1 0
0.061862559416 0 0
0.006534144636 0 0
0.328963950688 0 1
0.014840493128 0 0
0.045903122835 0 0
0.837142845598 1 1
0.046996850773 0 0
0.013363489250 0 0
0.850368155763 1 1
0.111232608267 0 0
0.173966311336 0 0
0.096255855557 0 0
0.554337442664 1 0
0.006372346632 0 0
0.141159421050 0 0
0.092009504878 0 1
0.318452029483 0 1
0.689441560917 1 1
0.909887460344 1 1
0.080293332238 0 1
0.032988036119 0 0
0.081564026796 0 0
0.129480627538 0 1
0.061116021221 0 1
0.056379377302 0 0
0.007326775594 0 0
0.016481636768 0 0
0.083472695282 0 0
0.030699225852 0 0
0.045710274112 0 0
0.885814388616 1 1
0.007737043995 0 0
0.109635755820 0 0
0.063099920411 0 0
0.006955786096 0 0
0.035460892360 0 0
0.062830319090 0 0
0.342817250901 0 0
0.096250560044 0 0
0.212015599030 0 0
0.056497561031 0 0
0.039426495836 0 0
0.002585177973 0 0
0.162224608807 0 0
0.049528689155 0 0
0.195565565483 0 0
0.028049082813 0 0
0.827276631640 1 0
0.896133889496 1 0
0.012262305760 0 0
0.347290751944 0 1
0.017942385390 0 0
0.005284702115 0 0
0.957277301828 1 1
0.945027007108 1 1
0.147610904642 0 0
0.090412326637 0 0
0.316140047006 0 0
0.083300042983 0 0
0.137884025898 0 0
0.841912634827 1 1
0.616532805453 1 1
0.044243557218 0 0
0.038033737560 0 0
0.155657589609 0 0
0.701230908450 1 1
0.959696142013 1 1
0.461421447086 0 0
0.723317443279 1 1
0.971341381820 1 1
0.149914216576 0 0
0.308522550376 0 0
0.078558025055 0 0
0.061867886020 0 0
0.082565634120 0 1
0.381279481823 0 0
0.228993263805 0 0
0.208243116486 0 1
0.048694407653 0 0
0.971800555915 1 1
0.230050784111 0 1
0.668063757919 1 1
0.885789840938 1 1
0.971543380829 1 1
0.154452370030 0 0
0.036377437806 0 0
0.966733462457 1 1
0.296769260958 0 1
0.292298537451 0 0
0.005060264721 0 0
0.891591383977 1 1
0.077132465874 0 1
0.191810357792 0 0
0.356755699250 0 1
0.017509518550 0 0
0.089013317818 0 0
0.006967870101 0 0
0.507839783901 1 1
0.339399533228 0 0
0.486086896082 0 0
0.200013875565 0 0
0.967653919359 1 1
0.034700513824 0 0
0.008459540310 0 0
0.253803371698 0 0
0.948701061115 1 1
0.034540033226 0 0
0.028287927271 0 0
0.053608211000 0 0
0.023511946015 0 0
0.112131568260 0 1
0.139173478385 0 0
0.083745208700 0 0
0.411740467650 0 1
0.067577961441 0 0
0.280100652757 0 0
0.122173415539 0 0
0.579779773646 1 0
0.963131867617 1 1
0.002923155772 0 0
0.285822566699 0 0
0.024796243979 0 0
0.039463470252 0 0
0.035394703690 0 0
0.160284462196 0 0
0.054335987554 0 0
0.146764842526 0 0
0.946101387790 1 1
0.495458783243 0 1
0.306204787875 0 0
0.972343071793 1 1
0.030849742488 0 0
0.226661268069 0 0
0.159317781987 0 0
0.007001748331 0 0
0.038256672882 0 1
0.010286224700 0 0
0.080254999057 0 0
0.453718220650 0 0
0.916687545079 1 1
0.074192927209 0 0
0.970491671603 1 1
0.591287962876 1 1
0.400947625453 0 1
0.013665259041 0 0
0.040125697814 0 0
0.474644137228 0 0
0.136633579464 0 1
0.839576111096 1 1
0.241111208633 0 0
0.232634095080 0 1
0.009661008155 0 0
0.108100434001 0 0
0.091579733251 0 0
0.182136137246 0 0
0.309742053386 0 1
0.534881846257 1 1
0.031265170241 0 0
0.704177604432 1 1
0.299136429232 0 0
0.234400000713 0 0
0.972904227157 1 1
0.484943375997 0 1
0.237777963333 0 1
0.139451676309 0 0
0.440441873160 0 1
0.220828247108 0 0
0.060156373952 0 0
0.089244750471 0 0
0.575982426735 1 1
0.007538627586 0 0
0.868450795298 1 1
0.013889027950 0 0
0.972141547031 1 1
0.026523823586 0 0
0.342175433338 0 0
0.026686129525 0 0
0.958979670892 1 1
0.236355009829 0 1
0.950604595908 1 1
0.005042251780 0 0
0.008276626675 0 0
0.332216063732 0 0
0.372257817334 0 0
0.868469764954 1 1
0.968649867470 1 1
0.780393992780 1 1
0.242952917019 0 0
0.578616502550 1 1
0.970197230264 1 1
0.898957891953 1 1
0.298560301945 0 1
0.077906836429 0 0
0.012403849867 0 0
0.433664244071 0 1
0.102012993094 0 0
0.897136851851 1 1
0.042148106412 0 0
0.022073634164 0 0
0.139032022928 0 0
0.271664475696 0 0
0.033075773288 0 0
0.270713029623 0 1
0.379281584587 0 1
0.279625100325 0 0
0.457989291936 0 1
0.015333761362 0 0
0.886326097126 1 1
0.009095718808 0 0
0.970767358938 1 1
0.032499593282 0 0
0.466744678929 0 0
0.460113288265 0 1
0.006652589447 0 0
0.350703099912 0 0
0.939052196519 1 1
0.047315111971 0 0
0.363090889313 0 1
0.201726483607 0 0
0.010939863274 0 0
0.072867975853 0 0
0.267199959021 0 1
0.964113278332 1 1
0.169047152530 0 0
0.603003541498 1 1
0.429203400165 0 0
0.159013508157 0 0
0.069360659014 0 0
0.364541015749 0 0
0.826605426127 1 1
0.158693491854 0 0
0.063196041564 0 1
0.955039772245 1 1
0.882991596306 1 1
0.143851332800 0 0
0.430584964463 0 1
0.027289116832 0 0
0.631384386903 1 0
0.069786013299 0 0
0.953339718521 1 1
0.531889643612 1 1
0.007869614719 0 0
0.262673422311 0 0
0.037701255092 0 0
0.042578590734 0 0
0.276531364222 0 0
0.957211250594 1 1
0.259232830175 0 1
0.155410437264 0 0
0.085601507024 0 0
0.069535480602 0 0
0.077382405282 0 0
0.195879534935 0 0
0.142231893764 0 0
0.096373863869 0 0
0.037757225001 0 0
0.222774707946 0 0
0.972665353101 1 1
0.010487611144 0 0
0.138096869609 0 0
0.406264134220 0 1
0.014573454936 0 0
0.168935915672 0 0
0.144187460627 0 0
0.315457758355 0 0
0.274042748717 0 0
0.957564489272 1 1
0.009613762006 0 0
0.312707299826 0 1
0.105658584537 0 0
0.113587498565 0 0
0.003445438572 0 1
0.032195010415 0 0
0.128640409843 0 1
0.111151800169 0 0
0.090689302739 0 0
0.007510474198 0 0
0.963117302904 1 1
0.006632290836 0 0
0.934590648632 1 1
0.931743184493 1 1
0.483477073941 0 0
0.022130736056 0 0
0.314576071173 0 0
0.006362547669 0 0
0.403050628915 0 0
0.147155414105 0 0
0.020474064398 0 0
0.598552881377 1 0
0.038851201276 0 0
0.030846807508 0 0
0.265693192349 0 0
0.537746125257 1 0
0.143241398606 0 0
0.157470552239 0 0
0.073532232662 0 0
0.930340930926 1 1
0.929508625781 1 1
0.175452964781 0 0
0.014622262438 0 0
0.295236047418 0 0
0.201026269893 0 0
0.064091098116 0 0
0.602894282603 1 1
0.011098843555 0 0
0.667416003115 1 1
0.372944978709 0 1
0.131412541583 0 0
0.399502775756 0 0
0.482139304938 0 1
0.314475458592 0 1
0.880036823895 1 1
0.858910237975 1 1
0.017451274244 0 0
0.848374025074 1 1
0.274761685815 0 0
0.057417332383 0 0
0.971957066871 1 1
0.104603044241 0 0
0.044483095036 0 1
0.040473451691 0 0
0.970227042965 1 1
0.026070240246 0 0
0.323560026687 0 1
0.034671643092 0 0
0.533957497434 1 0
0.043201134981 0 0
0.020128066748 0 0
0.005889293133 0 0
0.071721639849 0 0
0.057605714501 0 0
0.770026904461 1 1
0.006629531460 0 0
0.393404104971 0 0
0.005577817495 0 0
0.163254406283 0 0
0.165263830311 0 0
0.007321098586 0 0
0.011634119389 0 0
0.108377135540 0 0
0.096652573426 0 0
0.100089523721 0 0
0.004022014306 0 0
0.386244476940 0 1
0.153996981492 0 0
0.004926083293 0 0
0.010137801872 0 0
0.126023639267 0 0
0.028001739150 0 0
0.004750723798 0 0
0.585580388792 1 0
0.126772393965 0 0
0.016878988115 0 0
0.194767936726 0 0
0.095889451063 0 1
0.229999373780 0 0
0.496694051877 0 1
0.254104373402 0 0
0.255039990077 0 0
0.931864256292 1 1
0.138099624671 0 0
0.020164395982 0 0
0.153419287326 0 1
0.006541659366 0 0
0.010108944447 0 0
0.964503703948 1 1
0.561474754090 1 1
0.341218829996 0 1
0.022043681602 0 0
0.487556714600 0 1
0.282127223814 0 0
0.064764284692 0 0
0.044737013381 0 0
0.036245698249 0 0
0.019097711432 0 0
0.955321027615 1 1
0.006895834838 0 0
0.096078802665 0 0
0.191415642091 0 0
0.176324712000 0 0
0.168146083342 0 0
0.936827180335 1 1
0.950635818721 1 1
0.338139480601 0 1
0.026916844590 0 0
0.623930164543 1 1
0.016002921519 0 1
0.547866002141 1 0
0.038046281579 0 0
0.640536211681 1 1
0.482137809770 0 0
0.123661745426 0 0
0.005060224089 0 0
0.913382870470 1 1
0.008687841841 0 0
0.186650434074 0 0
0.057677609686 0 0
0.836973473473 1 1
0.012061567011 0 0
0.009997430839 0 0
0.714286617205 1 1
0.331594512645 0 0
0.133243930030 0 0
0.071326350357 0 0
0.406127905822 0 0
0.553840983242 1 0
0.062619605058 0 0
0.261012248252 0 0
0.084229587963 0 0
0.960420371262 1 1
0.175855874028 0 0
0.079619740137 0 0
0.179734658710 0 0
0.930671705851 1 1
0.891188557004 1 1
0.068507493665 0 0
0.014945175285 0 0
0.020979148277 0 0
0.120984634794 0 0
0.137390481134 0 0
0.142898984767 0 0
0.072282755847 0 0
0.216496544872 0 0
0.003175957569 0 0
0.027267048093 0 0
0.337175781413 0 0
0.309973377699 0 0
0.004904330277 0 1
0.086209184847 0 0
0.146213917468 0 0
0.972609495291 1 1
0.199897750166 0 1
0.698247504558 1 1
0.023788388061 0 0
0.185342614395 0 0
0.774533074002 1 1
0.218922264532 0 1
0.615602630565 1 1
0.028795289505 0 0
0.960677669279 1 1
0.201090787092 0 0
0.126768363609 0 0
0.441857135838 0 1
0.194081347672 0 0
0.135407029066 0 0
0.251092358722 0 0
0.015115834412 0 0
0.355900820881 0 0
0.142921064084 0 0
0.010703361447 0 0
0.143423130060 0 0
0.921169428904 1 1
0.196750933304 0 0
0.042893925971 0 0
0.148341765066 0 0
0.164392875566 0 0
0.132058011478 0 0
0.098015735541 0 0
0.040236820765 0 0
0.083531997901 0 0
0.110593896028 0 0
0.635093684280 1 1
0.193923938244 0 1
0.817733920676 1 1
0.942076446116 1 1
0.320653772410 0 1
0.433361984181 0 0
0.441694227606 0 0
0.031276464835 0 0
0.010195587456 0 0
0.308598393295 0 0
0.119998628896 0 0
0.007674993971 0 0
0.766985832677 1 1
0.956000480703 1 1
0.048273270860 0 0
0.061010235764 0 0
0.080298784939 0 0
0.226455494786 0 1
0.112648482915 0 0
0.048585547725 0 0
0.039150844711 0 0
0.033224548193 0 0
0.154245284016 0 0
0.016751104850 0 0
0.025092621007 0 0
0.599776116650 1 1
0.676294040038 1 0
0.419328710234 0 0
0.392199832811 0 1
0.156121599294 0 0
0.811718879059 1 1
0.008823018043 0 0
0.160662342098 0 0
0.225746411447 0 1
0.070194602208 0 0
0.023703779578 0 0
0.180385077102 0 0
0.190328644076 0 0
0.595867702498 1 1
0.019138916775 0 0
0.149655475947 0 0
0.020770356939 0 0
0.026139501867 0 0
0.115263646030 0 0
0.119349579365 0 0
0.296508456683 0 0
0.035384202211 0 0
0.052410577538 0 0
0.821571872829 1 1
0.213616917223 0 0
0.022033091667 0 0
0.943636640682 1 1
0.873999520907 1 1
0.416410437464 0 1
0.007174971503 0 0
0.925761888539 1 1
0.043825852122 0 0
0.928661004056 1 1
0.040350268090 0 0
0.945321388656 1 1
0.031332078519 0 0
0.109177050018 0 0
0.170585814940 0 1
0.025789071555 0 0
0.044813559912 0 0
0.137101093140 0 0
0.068121137030 0 0
0.058190817123 0 0
0.012176498151 0 0
0.076505303141 0 0
0.363848980921 0 0
0.093344083233 0 0
0.908062332815 1 1
0.098262575930 0 0
0.016083966774 0 0
0.140878297826 0 0
0.050254368889 0 0
0.917675401565 1 1
0.509052881127 1 1
0.328359413762 0 1
0.195152701025 0 1
0.100742873029 0 0
0.115766350109 0 0
0.375467272895 0 1
0.228684221235 0 0
0.297036410290 0 1
0.482546808378 0 0
0.188241387074 0 1
0.474781928878 0 0
0.027232026134 0 0
0.141341981077 0 1
0.005346988380 0 0
0.014341537911 0 0
0.288180520781 0 0
0.131178610309 0 1
0.402535906416 0 1
0.154976726299 0 0
0.614245960835 1 1
0.112776125682 0 0
0.087130569879 0 0
0.019263877808 0 0
0.320511919368 0 0
0.028784407858 0 0
0.113084037292 0 0
0.092833376844 0 0
0.138542065476 0 0
0.028318271002 0 0
0.953181664390 1 1
0.398661550675 0 1
0.920780425089 1 1
0.971758003621 1 1
0.370769855692 0 0
0.034139063679 0 0
0.279488064721 0 0
0.762525986790 1 0
0.225753213365 0 0
0.012562158129 0 0
0.137985285092 0 0
0.230673621845 0 1
0.766080170491 1 1
0.106711835022 0 0
0.025704686767 0 0
0.361031515223 0 1
0.137141408937 0 0
0.967729767785 1 1
0.024226018649 0 0
0.970527809733 1 1
0.048650994850 0 0
0.018598642532 0 0
0.005221322420 0 0
0.661414486763 1 0
0.880232165490 1 1
0.320541373149 0 1
0.174535801646 0 0
0.104531414963 0 0
0.972802783642 1 1
0.074181814127 0 0
0.016703341295 0 0
0.088427383678 0 0
0.021114973758 0 0
0.105013533100 0 0
0.119298297901 0 0
0.005052736464 0 0
0.149837583734 0 0
0.189869027457 0 0
0.296569286727 0 0
0.011126732974 0 0
0.297651978828 0 1
0.017882376949 0 0
0.145479729138 0 0
0.953484848511 1 1
0.093494778306 0 1
0.094451478672 0 0
0.218211028022 0 0
0.317942529100 0 1
0.204462823635 0 0
0.044989762327 0 0
0.878562744595 1 1
0.116269715619 0 1
0.558907462418 1 1
0.041287801679 0 0
0.014416852998 0 0
0.095464129542 0 0
0.476295265180 0 1
0.020271637749 0 0
0.013009940239 0 0
0.023807378392 0 0
0.087350636009 0 0
0.963427070864 1 1
0.556006365371 1 1
0.823996798120 1 1
0.169642969351 0 1
0.086426946300 0 0
0.955065309724 1 1
0.627714434290 1 0
0.184585142679 0 0
0.325620372264 0 0
0.032923095792 0 0
0.903789429627 1 1
0.006331943094 0 0
0.078237383799 0 0
0.008121978177 0 0
0.226650497420 0 0
0.972036279652 1 1
0.158635528545 0 0
0.372093769092 0 0
0.070271136900 0 0
0.824404227614 1 1
0.045286829874 0 0
0.090413667222 0 1
0.317349964334 0 1
0.248643134735 0 1
0.884784543725 1 1
0.067782479711 0 0
0.169720644107 0 0
0.015728760882 0 1
0.107190044388 0 0
0.538806306621 1 1
0.108219564125 0 0
0.007320839264 0 0
0.100488252040 0 1
0.053271393405 0 0
0.970385476551 1 1
0.211984647167 0 1
0.240649057558 0 1
0.583561908673 1 1
0.003799633132 0 0
0.436254897159 0 0
0.952842900322 1 1
0.246394365408 0 0
0.723753609120 1 1
0.074828295414 0 0
0.013746694709 0 0
0.098412579426 0 0
0.079766006518 0 0
0.011709172450 0 0
0.241592533720 0 1
0.233243048037 0 0
0.034741739000 0 0
0.969087926656 1 1
0.944923058513 1 1
0.644255859748 1 1
0.958102623670 1 1
0.230435747356 0 0
0.214567982086 0 1
0.366936596518 0 0
0.007983699377 0 0
0.806471590328 1 1
0.013761190569 0 0
0.405739348667 0 1
0.016694459885 0 0
0.034328645459 0 1
0.058055441941 0 0
0.362861301334 0 0
0.036304739402 0 0
0.070318283253 0 0
0.970258148927 1 1
0.026739828735 0 1
0.116637197390 0 0
0.972634582809 1 1
0.714388655076 1 1
0.054690767294 0 0
0.023874728059 0 0
0.898388044412 1 0
0.028609522686 0 0
0.122658294253 0 0
0.965882725419 1 1
0.032873916878 0 0
0.188277566439 0 0
0.941203740983 1 1
0.036152382198 0 0
0.027743022665 0 0
0.432832027648 0 0
0.587771678559 1 0
0.901628342816 1 1
0.676200846939 1 1
0.832351486342 1 1
0.052633379941 0 0
0.119205405066 0 0
0.012192469487 0 0
0.005198917570 0 0
0.055510886231 0 0
0.087160453725 0 0
0.972776332596 1 1
0.155517632974 0 1
0.278193489627 0 0
0.414957506879 0 0
0.108737566270 0 0
0.941734695778 1 1
0.007539878095 0 0
0.244161159853 0 1
0.028739010512 0 0
0.040401135471 0 0
0.130350262483 0 0
0.244039122592 0 0
0.762076729215 1 1
0.852411990501 1 1
0.004688108315 0 0
0.108243923568 0 1
0.012001319963 0 0
0.953170420340 1 1
0.915080645659 1 1
0.194933424136 0 0
0.434003460763 0 1
0.339522347660 0 0
0.049817830940 0 0
0.454542942678 0 0
0.404498990630 0 0
0.230335892415 0 0
0.027315022295 0 0
0.947586123706 1 1
0.611731531303 1 0
0.972500882872 1 1
0.103033377799 0 0
0.360862888823 0 1
0.728074420658 1 1
0.209772347265 0 0
0.074856079272 0 0
0.016750059271 0 0
0.886229375051 1 1
0.848954218521 1 1
0.015324956164 0 0
0.494669692341 0 1
0.030121366519 0 0
0.636253754933 1 0
0.738999806947 1 1
0.019789559918 0 0
0.164822627786 0 0
0.268278899904 0 0
0.007872861501 0 0
0.005666969338 0 0
0.218250503546 0 1
0.009069968565 0 1
0.119480073092 0 1
0.199846283297 0 0
0.181833207804 0 0
0.007850254041 0 0
0.141027959380 0 1
0.118716593218 0 1
0.033614652340 0 0
0.125592559585 0 1
0.051523050217 0 0
0.020841228233 0 0
0.497715331884 0 1
0.171088410058 0 1
0.961011233857 1 1
0.599341630001 1 0
0.586746110024 1 1
0.399447254695 0 1
0.019802789533 0 1
0.006067797661 0 0
0.006867472835 0 0
0.963791580583 1 1
0.007034882478 0 0
0.799783070074 1 1
0.041488351089 0 1
0.005225512800 0 0
0.082053003051 0 1
0.031334565833 0 0
0.049935211690 0 0
0.743521220047 1 1
0.765661731372 1 1
0.009634783209 0 0
0.042870177526 0 0
0.054244305648 0 0
0.281184198330 0 0
0.116654029756 0 0
0.963362653984 1 1
0.254598119619 0 0
0.057010441126 0 0
0.819410468105 1 1
0.169902897168 0 0
0.095016404539 0 0
0.055786963573 0 0
0.005331582326 0 0
0.070075247695 0 0
0.005137734841 0 0
0.058045262199 0 0
0.199565429049 0 0
0.921547476481 1 1
0.307716040655 0 1
0.076215418770 0 0
0.097485086685 0 0
0.160615087375 0 0
0.043362795140 0 1
0.968401532766 1 1
0.357698836489 0 0
0.567731564159 1 0
0.315666893217 0 0
0.083467500695 0 0
0.013895605738 0 0
0.021169293080 0 0
0.491887996968 0 1
0.111287674224 0 0
0.199356441321 0 1
0.874079784312 1 0
0.162604803972 0 0
0.826600416661 1 1
0.830347463879 1 1
0.009350622306 0 0
0.965381826935 1 1
0.481678942250 0 0
0.653278107248 1 1
0.010816814485 0 0
0.055701446549 0 0
0.504991635286 1 0
0.657531650085 1 1
0.868052403862 1 1
0.251194826762 0 0
0.023250666069 0 0
0.151839668819 0 0
0.003681137179 0 0
0.151143534443 0 0
0.134551895353 0 0
0.135599280924 0 1
0.311432625697 0 0
0.025688825213 0 0
0.040743258419 0 0
0.141864191214 0 0
0.008268058722 0 0
0.079746103101 0 0
0.856881541036 1 1
0.070327975924 0 0
0.134336966712 0 0
0.069007881628 0 0
0.005970691998 0 0
0.062759348226 0 0
0.332106588473 0 1
0.595869241483 1 1
0.010229728840 0 0
0.960819552258 1 1
0.384172298950 0 0
0.067166407610 0 0
0.449066604634 0 1
0.275058982581 0 0
0.005925215127 0 0
0.023186348092 0 0
0.186578113145 0 1
0.921319116823 1 1
0.940822407213 1 1
0.175412320088 0 0
0.008819930746 0 0
0.437971171717 0 0
0.153786206622 0 0
0.151145125622 0 0
0.160860520641 0 0
0.015891240318 0 0
0.012016564339 0 0
0.245432471162 0 0
0.026427724441 0 0
0.819608699318 1 1
0.075282627064 0 0
0.354378729846 0 1
0.027771740019 0 1
0.010720836980 0 0
0.049779440466 0 0
0.947569417711 1 1
0.756704224281 1 1
0.028740228076 0 0
0.963209650073 1 1
0.090853588353 0 0
0.068638433015 0 0
0.154301903021 0 0
0.624034864550 1 1
0.350172656562 0 0
0.158469405614 0 0
0.971227929274 1 1
0.132590906636 0 1
0.031140617834 0 0
0.087012749332 0 1
0.294947461421 0 0
0.702797393272 1 1
0.066135839308 0 0
0.025079393038 0 0
0.034541854412 0 0
0.005887212712 0 0
0.030863690497 0 0
0.762643093450 1 1
0.048634436915 0 0
0.133634080300 0 0
0.122348259822 0 0
0.071318251970 0 0
0.971481358359 1 1
0.072908229335 0 0
0.120935438570 0 0
0.152878184133 0 0
0.127018152847 0 0
0.467285505669 0 1
0.388774165397 0 1
0.140815476876 0 0
0.010809910486 0 0
0.082196512860 0 0
0.007155154001 0 0
0.128315521595 0 0
0.022934037059 0 0
0.063512635256 0 0
0.325736534204 0 1
0.079710637804 0 0
0.054987709356 0 0
0.309790820781 0 0
0.510005412547 1 0
0.020071998379 0 0
0.668845659173 1 1
0.016047628712 0 1
0.105745694659 0 1
0.247707633247 0 0
0.570949597249 1 0
0.432484351614 0 1
0.946813245837 1 1
0.004980096979 0 0
0.274881383069 0 1
0.613838911753 1 0
0.611817012244 1 1
0.386713646927 0 0
0.231921679370 0 1
0.005648885324 0 0
0.031343863210 0 0
0.090362303354 0 0
0.479514379081 0 1
0.147035677448 0 0
0.295758936594 0 0
0.080599704812 0 0
0.007089941694 0 0
0.063026216219 0 1
0.292974313882 0 0
0.457809391502 0 0
0.023456077178 0 0
0.972946615949 1 1
0.184785630883 0 0
0.234499281596 0 0
0.641655040139 1 1
0.028302084798 0 0
0.030998319210 0 0
0.044745641569 0 1
0.039970822150 0 0
0.024350020665 0 0
0.970819138466 1 1
0.109282304610 0 0
0.055048714410 0 0
0.004635477681 0 0
0.093097903162 0 0
0.945687154709 1 1
0.962848491018 1 1
0.050483142338 0 0
0.178300438677 0 0
0.083810625579 0 0
0.183456041356 0 1
0.149268139019 0 0
0.437434250452 0 1
0.781661691354 1 1
0.118150328896 0 0
0.048185008345 0 0
0.118736528544 0 0
0.068288573112 0 0
0.933254224475 1 1
0.119442235978 0 1
0.206825514180 0 1
0.190906328797 0 1
0.092985403885 0 0
0.269744968375 0 1
0.312250454493 0 0
0.012460685988 0 0
0.106398706207 0 0
0.114275716873 0 0
0.236678655334 0 0
0.205389652078 0 0
0.814435753015 1 1
0.040651600704 0 0
0.084367635505 0 0
0.507018462783 1 1
0.062252903385 0 0
0.811971466976 1 0
0.812585760115 1 1
0.101696643867 0 0
0.815353747438 1 1
0.429389833327 0 1
0.206086941967 0 0
0.670044514495 1 1
0.014483201945 0 0
0.732983534800 1 0
0.008707607756 0 0
0.180256192165 0 0
0.796384048283 1 1
0.021818427563 0 0
0.042150904274 0 0
0.950021193246 1 1
0.026533936470 0 0
0.122426387500 0 0
0.147967482486 0 0
0.108882581082 0 0
0.132859756112 0 0
0.294141821208 0 0
0.768405222038 1 1
0.003112312544 0 0
0.814756843967 1 1
0.037702470725 0 0
0.877808771794 1 1
0.109462763442 0 0
0.858408168189 1 1
0.932162015001 1 1
0.922611356973 1 1
0.025669856358 0 0
0.613012059225 1 1
0.102453839573 0 0
0.104374034699 0 0
0.119001362548 0 0
0.007441585724 0 0
0.904756723282 1 0
0.461199717609 0 1
0.922247098944 1 0
0.830281148692 1 1
0.010207133294 0 0
0.296070783069 0 0
0.068739366664 0 0
0.007202967611 0 0
0.783503144667 1 0
0.398528415272 0 0
0.628727866867 1 0
0.059591009583 0 0
0.506053839521 1 0
0.777604833001 1 1
0.114625665649 0 0
0.836378366908 1 1
0.115087163058 0 1
0.354726632800 0 0
0.884150245389 1 1
0.203126601624 0 0
0.625015582504 1 0
0.679715630594 1 0
0.040060899190 0 0
0.096481599520 0 0
0.441254994020 0 0
0.087378622351 0 0
0.959875884079 1 1
0.093011539942 0 0
0.889406464200 1 1
0.197593613334 0 0
0.817202701391 1 1
0.537942625609 1 1
0.011244947304 0 0
0.329528780650 0 0
0.910423296546 1 1
0.026159712401 0 0
0.054524794072 0 0
0.039577520528 0 0
0.972164376176 1 1
0.710852858401 1 1
0.103420476080 0 0
0.059343196336 0 0
0.115695304403 0 0
0.009798025667 0 0
0.045170686234 0 0
0.709506263991 1 1
0.115899179031 0 0
0.072189971888 0 0
0.959630198251 1 1
0.193278985123 0 0
0.040339379550 0 0
0.007140320423 0 0
0.825552299990 1 1
0.043516035956 0 0
0.289475906260 0 0
0.639432645552 1 1
0.618467406617 1 1
0.030006793999 0 0
0.062437765060 0 0
0.010811458968 0 0
0.910854463833 1 1
0.021951230774 0 0
0.060522932363 0 0
0.019381263580 0 0
0.573631011545 1 1
0.939560056091 1 1
0.008986108291 0 0
0.042793689157 0 0
0.107709288332 0 0
0.402593799820 0 0
0.965636672809 1 1
0.070150939587 0 0
0.036566989508 0 0
0.014520595064 0 0
0.176963568190 0 0
0.095804590073 0 0
0.065052532038 0 0
0.916892883832 1 1
0.376511212587 0 0
0.083996367969 0 1
0.972873566412 1 1
0.049505471028 0 0
0.779455325707 1 1
0.391104537195 0 0
0.969587147314 1 0
0.012338896958 0 0
0.030326614509 0 0
0.115053638517 0 1
0.388640754337 0 0
0.022933532869 0 0
0.938404747438 1 1
0.926042065639 1 1
0.278909738081 0 0
0.115086131410 0 0
0.201205638193 0 0
0.080998463709 0 0
0.948678569544 1 1
0.970839601852 1 1
0.026925115997 0 0
0.941464356311 1 1
0.167728096904 0 0
0.490360541124 0 0
0.175740401004 0 0
0.124260291833 0 0
0.899713220972 1 1
0.012128011608 0 0
0.020247528391 0 1
0.052271701528 0 0
0.026111031276 0 0
0.972580990990 1 1
0.862330683128 1 0
0.044705155777 0 0
0.071162405956 0 0
0.260311701564 0 0
0.035962624149 0 0
0.393597833016 0 1
0.308330605369 0 1
0.967654415510 1 1
0.972436050083 1 1
0.228104040389 0 0
0.839948160497 1 1
0.102851539829 0 0
0.957055702662 1 1
0.062046558736 0 0
0.024586226682 0 0
0.937775052551 1 1
0.153088798929 0 0
0.590461755800 1 1
0.199258712869 0 0
0.065622898761 0 0
0.071522538389 0 0
0.011167795144 0 0
0.016976431324 0 0
0.107011442515 0 0
0.067239070994 0 0
0.948923663351 1 1
0.099411573655 0 0
0.043985494464 0 0
0.843948316019 1 1
0.001871097089 0 0
0.103862055178 0 1
0.405034811639 0 0
0.827732158235 1 1
0.965925330166 1 1
0.158790134840 0 0
0.372086559210 0 0
0.332114281325 0 0
0.380890156318 0 0
0.940268037332 1 1
0.080373766715 0 0
0.128360019323 0 0
0.092540157098 0 0
0.079781560519 0 0
0.810544987763 1 1
0.268407137008 0 0
0.888310943204 1 1
0.170564422263 0 0
0.381815834697 0 1
0.043782297452 0 0
0.073120867861 0 0
0.066764337417 0 0
0.715804880486 1 0
0.023262750310 0 0
0.134197077550 0 0
0.092437956966 0 0
0.424409262031 0 0
0.015235637849 0 0
0.018532816496 0 0
0.015693071979 0 0
0.081685047361 0 0
0.018027610554 0 1
0.031309892124 0 1
0.081084003796 0 0
0.134902753175 0 0
0.239969927342 0 1
0.495873721532 0 0
0.314442195424 0 0
0.883123378043 1 1
0.233511721057 0 0
0.368025594971 0 1
0.167889630958 0 0
0.743856454013 1 1
0.007991088167 0 0
0.751175827673 1 1
0.066747216577 0 0
0.005884745728 0 0
0.008340641294 0 0
0.009855935659 0 0
0.881991158265 1 1
0.952334807439 1 1
0.056054647789 0 0
0.011459418347 0 0
0.081058158146 0 0
0.329175949634 0 0
0.072965407547 0 1
0.119327469020 0 0
0.100065165310 0 0
0.067627159465 0 0
0.022281164968 0 0
0.397348096789 0 0
0.109177880703 0 0
0.007935506231 0 0
0.792382256453 1 1
0.972655915298 1 1
0.684426659328 1 1
0.047373121914 0 0
0.013661220373 0 0
0.955697118040 1 1
0.387136485164 0 0
0.220141944943 0 0
0.004525844370 0 0
0.034748329852 0 0
0.185126770266 0 0
0.017811501176 0 0
0.188034998803 0 0
0.042793707416 0 1
0.385668193781 0 1
0.833951795585 1 1
0.100029831017 0 0
0.632859632334 1 1
0.318285455509 0 0
0.536848364489 1 1
0.011116055537 0 0
0.945586522493 1 1
0.012451184866 0 0
0.469566011099 0 0
0.458950858658 0 0
0.524046918398 1 0
0.672961662382 1 1
0.109395312305 0 0
0.054044029923 0 0
0.177877514302 0 1
0.009078022858 0 0
0.021431907340 0 0
0.007423837573 0 0
0.939752239236 1 1
0.125838516560 0 0
0.022216775482 0 0
0.921216054487 1 1
0.418819984373 0 0
0.819727525984 1 1
0.923359278884 1 1
0.502119319579 1 1
0.046104968557 0 0
0.147480135977 0 0
0.127067406538 0 0
0.257198849431 0 0
0.953669779941 1 1
0.457906825673 0 1
0.243613482075 0 1
0.654873753820 1 1
0.014752270384 0 0
0.030276251758 0 0
0.094870212598 0 0
0.058473072095 0 0
0.970918635016 1 1
0.078301993772 0 0
0.069717707622 0 0
0.589441406221 1 0
0.004479573560 0 0
0.427670098289 0 0
0.017543572086 0 0
0.904084133320 1 1
0.135393065674 0 0
0.004242139051 0 0
0.970433575094 1 1
0.030717543237 0 0
0.607526840975 1 0
0.183439500167 0 0
0.328865313693 0 0
0.972883939837 1 1
0.469115021434 0 1
0.083037221296 0 0
0.012147821530 0 0
0.382340125389 0 1
0.027991332230 0 1
0.325135982189 0 0
0.094985220825 0 0
0.777940798634 1 1
0.079624051930 0 0
0.377143208320 0 1
0.400066892022 0 0
0.970956374444 1 1
0.004538212505 0 0
0.161094189375 0 0
0.004341501526 0 0
0.949932756394 1 1
0.025367311228 0 0
0.584778687513 1 1
0.402090993200 0 0
0.153998810090 0 1
0.084164587727 0 0
0.029447921465 0 0
0.605290601478 1 1
0.137493209417 0 0
0.509704402770 1 0
0.485416287409 0 1
0.874200224828 1 1
0.234681163843 0 1
0.002978488996 0 0
0.955916862556 1 1
0.843600141075 1 1
0.241340407382 0 0
0.840402260354 1 1
0.027510135177 0 0
0.029586666080 0 0
0.348613156526 0 1
0.225236619102 0 1
0.406662838211 0 1
0.247597505107 0 0
0.966879886954 1 1
0.269240268261 0 1
0.029223745549 0 0
0.050664200272 0 0
0.056430099843 0 0
0.261200921055 0 0
0.036630516938 0 0
0.180604214016 0 0
0.011877599679 0 0
0.354721622627 0 1
0.005059518187 0 0
0.008145029863 0 0
0.963297981728 1 1
0.036869002151 0 0
0.330873838686 0 0
0.178180229680 0 0
0.019589003681 0 0
0.011458325416 0 0
0.244115018426 0 0
0.099750813711 0 0
0.016890458570 0 0
0.039041947680 0 0
0.029598478603 0 0
0.891082303633 1 1
0.013286242710 0 0
0.031561270543 0 0
0.081009405113 0 0
0.871504809628 1 1
0.070206994035 0 0
0.044498425106 0 0
0.356507983519 0 1
0.571104193499 1 1
0.732079473288 1 1
0.008487649481 0 0
0.033712191830 0 0
0.122001747719 0 0
0.056619177103 0 0
0.100015692102 0 0
0.060257183111 0 0
0.479923873732 0 0
0.096766981810 0 0
0.774735707153 1 1
0.019625318929 0 0
0.457925612893 0 1
0.076608521963 0 1
0.046033899692 0 0
0.014837689158 0 0
0.019294264282 0 0
0.818190053375 1 1
0.622479391330 1 1
0.053165645041 0 0
0.516025689500 1 1
0.573984293687 1 1
0.125200358703 0 1
0.247864159280 0 0
0.011424285799 0 0
0.010148739467 0 0
0.066724491375 0 0
0.968717511597 1 1
0.104089854846 0 0
0.006320586109 0 0
0.071011702323 0 0
0.868518951612 1 0
0.135641840127 0 0
0.958835670049 1 1
0.949133513302 1 1
0.069752858606 0 0
0.705182101978 1 1
0.826084754676 1 1
0.022215318472 0 0
0.015831126082 0 0
0.644713387147 1 1
0.959319292354 1 1
0.014825415586 0 0
0.199635456585 0 0
0.698351622786 1 1
0.117843978483 0 0
0.223205284877 0 1
0.004258902528 0 0
0.455347431243 0 0
0.837010420536 1 1
0.007883171905 0 0
0.008234772074 0 0
0.167233072493 0 1
0.345931916277 0 0
0.009835488046 0 0
0.041887847975 0 0
0.053661016516 0 0
0.738125232354 1 1
0.192433817241 0 0
0.010224313026 0 0
0.054838485736 0 0
0.362978894332 0 1
0.015969525763 0 0
0.824791929311 1 1
0.621448209056 1 0
0.072225255155 0 0
0.963742137448 1 1
0.083326099433 0 0
0.965996613411 1 1
0.062206417445 0 0
0.194127425446 0 0
0.093098396681 0 0
0.003813165422 0 0
0.546351252445 1 1
0.309170404314 0 0
0.920644557137 1 1
0.011571297676 0 0
0.357844826062 0 0
0.947304648053 1 1
0.251500139971 0 0
0.972243781228 1 1
0.799415609507 1 1
0.970923738307 1 1
0.050435756535 0 0
0.274527230290 0 0
0.424324328847 0 1
0.481737011629 0 1
0.943282222243 1 1
0.949890154635 1 1
0.036960092028 0 0
0.215024988126 0 0
0.065141682069 0 0
0.007328905922 0 0
0.957320177824 1 1
0.157984508029 0 0
0.068985397348 0 0
0.593228791175 1 0
0.950995548094 1 1
0.229012080904 0 0
0.127081730720 0 0
0.125874030216 0 0
0.180702134495 0 0
0.375587122021 0 0
0.043303169920 0 0
0.241137846644 0 1
0.395353729181 0 0
0.929553660118 1 1
0.372509241082 0 1
0.105282880174 0 0
0.065346735567 0 1
0.738563332072 1 1
0.263049418716 0 1
0.004269330613 0 0
0.453812160748 0 1
0.048776886418 0 0
0.042049391453 0 0
0.270995470158 0 0
0.961277984948 1 1
0.024310719619 0 0
0.119074672101 0 0
0.064884286250 0 0
0.570241109510 1 0
0.206237708481 0 0
0.023894140442 0 0
0.030275651562 0 0
0.004236478801 0 0
0.248754724357 0 0
0.071705621551 0 0
0.328912607391 0 1
0.708818005400 1 0
0.739489523449 1 1
0.827839943475 1 1
0.307550259340 0 0
0.169393601783 0 0
0.031319365713 0 0
0.010490785400 0 0
0.354160044008 0 1
0.006773901836 0 0
0.035485082724 0 1
0.243225132981 0 0
0.005474828685 0 0
0.026580043568 0 0
0.007492097719 0 0
0.838417640504 1 1
0.125267266878 0 0
0.020685216418 0 0
0.136195004816 0 0
0.118005316522 0 0
0.287637232480 0 0
0.142009131913 0 0
0.011991545447 0 0
0.236517235726 0 0
0.525604780596 1 1
0.344757196158 0 0
0.013024984685 0 0
0.043553617936 0 0
0.905083607217 1 1
0.007744513092 0 0
0.011465395924 0 0
0.313784868820 0 1
0.924513592425 1 1
0.954703745432 1 1
0.590717861329 1 1
0.012487315884 0 0
0.119069717114 0 1
0.162402419223 0 0
0.090132239063 0 0
0.120521894979 0 0
0.003292469778 0 0
0.116817368160 0 0
0.456444143186 0 0
0.955706600825 1 1
0.140198925243 0 0
0.299960019787 0 0
0.958603547736 1 1
0.153636951526 0 0
0.040555370112 0 0
0.023235680677 0 0
0.016737147077 0 1
0.130516823210 0 0
0.932845775433 1 1
0.006233617873 0 0
0.012389357784 0 0
0.445347817788 0 1
0.687934473886 1 1
0.012567580625 0 0
0.958514372692 1 1
0.018700457121 0 1
0.037434831112 0 0
0.957288037398 1 1
0.224739726443 0 1
0.016294174861 0 0
0.877353978211 1 1
0.185963435339 0 0
0.098017577499 0 0
0.942637096615 1 1
0.049134417877 0 0
0.093722789009 0 1
0.072320072624 0 0
0.967671620704 1 1
0.734277817057 1 1
0.045362469855 0 0
0.162564638665 0 1
0.242716778755 0 0
0.649015901528 1 1
0.395614895181 0 1
0.003174884442 0 0
0.025710976198 0 0
0.255611755877 0 1
0.064865679906 0 0
0.244984755543 0 0
0.883778370009 1 0
0.008205305911 0 0
0.135481021305 0 1
0.330614146481 0 1
0.956045577689 1 1
0.099785022879 0 0
0.364848933816 0 1
0.156929985066 0 0
0.010623318090 0 0
0.080819065775 0 0
0.100606087306 0 0
0.309388518678 0 0
0.050546057228 0 0
0.858270367454 1 1
0.969810606600 1 1
0.470287046106 0 0
0.088814181001 0 1
0.948668091395 1 1
0.014218490190 0 0
0.972674459539 1 1
0.005642367672 0 0
0.007460235676 0 0
0.116738344628 0 0
0.139149199687 0 0
0.244482814530 0 0
0.012749310529 0 0
0.038053882803 0 0
0.741526898380 1 0
0.829245610627 1 1
0.333696071353 0 0
0.411716300041 0 1
0.849704435457 1 1
0.226093322851 0 0
0.944707212780 1 1
0.030849874264 0 0
0.961262523880 1 1
0.171036124710 0 0
0.014116574865 0 0
0.586366145718 1 1
0.016280956714 0 0
0.011782430763 0 1
0.007894218438 0 0
0.959834367023 1 1
0.007167088934 0 0
0.007042393337 0 0
0.008524681139 0 0
0.100577218905 0 0
0.258905033864 0 1
0.024245922184 0 0
0.622000957730 1 1
0.628688571201 1 1
0.149458869292 0 0
0.126563808185 0 0
0.944965619047 1 1
0.068256708303 0 0
0.956591100435 1 1
0.095943528112 0 0
0.156239607664 0 0
0.192212644799 0 0
0.010898439469 0 0
0.047466296849 0 0
0.957392533316 1 1
0.021707855773 0 0
0.964897253460 1 1
0.093865651273 0 0
0.522492932987 1 1
0.096006413973 0 0
0.682338503801 1 1
0.564143397196 1 1
0.846501053039 1 1
0.054398905060 0 0
0.330331167536 0 1
0.200112669051 0 0
0.015463259227 0 0
0.416576294609 0 1
0.936379352259 1 1
0.030501362690 0 0
0.048674312163 0 0
0.972955172239 1 1
0.764677195573 1 1
0.188973991047 0 0
0.031471824163 0 0
0.023119681613 0 0
0.287934897661 0 1
0.009137296954 0 0
0.329271368091 0 0
0.459629076734 0 1
0.834839706242 1 1
0.417772788007 0 0
0.460787859272 0 0
0.522517196237 1 1
0.173826430248 0 0
0.132504623512 0 1
0.451442125803 0 1
0.006277248565 0 0
0.908650165593 1 1
0.501988924738 1 0
0.019698788048 0 0
0.197554742883 0 0
0.042003522414 0 0
0.936812015258 1 1
0.013008543455 0 0
0.072659955637 0 0
0.386943807413 0 1
0.006845799456 0 0
0.112385549192 0 0
0.081141451546 0 0
0.361874970843 0 0
0.343514764244 0 0
0.232106974571 0 0
0.005697519902 0 0
0.295288084976 0 0
0.117593964571 0 0
0.030923800454 0 0
0.180445839522 0 0
0.015732983161 0 0
0.484331034624 0 1
0.293517923032 0 0
0.115470082663 0 0
0.961988503786 1 1
0.070566859479 0 0
0.153016895581 0 0
0.125913168916 0 0
0.544558778772 1 0
0.008565603018 0 0
0.972544655009 1 1
0.207778556119 0 0
0.042664246324 0 0
0.081417368374 0 0
0.401744279154 0 0
0.005994692991 0 0
0.020253592748 0 0
0.940752013200 1 1
0.390339731797 0 0
0.972701727400 1 1
0.055636518263 0 0
0.034708809341 0 0
0.021280749820 0 0
0.263950501984 0 0
0.052822684506 0 0
0.008978811775 0 0
0.109450051843 0 0
0.497460099623 0 1
0.534518645281 1 1
0.125497978804 0 0
0.198654599792 0 0
0.195826326116 0 0
0.053324724588 0 0
0.228004454692 0 0
0.016558148161 0 0
0.056011318617 0 0
0.268805061711 0 0
0.455021234752 0 0
0.882410438537 1 1
0.069848423577 0 0
0.020161987032 0 0
0.068923220682 0 0
0.016366978725 0 0
0.972636161125 1 1
0.027662644051 0 0
0.046766342343 0 0
0.145964236414 0 0
0.177278334258 0 0
0.008485800974 0 0
0.953134148023 1 1
0.355763520863 0 1
0.810099222452 1 1
0.968265393413 1 1
0.041518153869 0 0
0.018117741712 0 0
0.933450336424 1 1
0.901791454085 1 1
0.392284704644 0 0
0.266556200926 0 0
0.080258316272 0 0
0.880242985488 1 1
0.146906447933 0 0
0.233558146667 0 0
0.008211104086 0 0
0.960268292265 1 1
0.725332873709 1 1
0.012473751591 0 0
0.063053901077 0 0
0.002636176923 0 0
0.194648022227 0 0
0.019585109515 0 0
0.278118900621 0 0
0.004994751115 0 0
0.109305845580 0 0
0.006168881495 0 0
0.826353892730 1 1
0.011709822297 0 0
0.186859976993 0 0
0.086463591604 0 0
0.050707585546 0 0
0.034769141799 0 0
0.826745011410 1 1
0.118923138382 0 0
0.045871931296 0 0
0.783107528146 1 1
0.585719843502 1 0
0.119533088553 0 0
0.103475287728 0 0
0.065122718641 0 0
0.029319793089 0 0
0.972888759933 1 1
0.130872297158 0 0
0.020145441436 0 0
0.504344938430 1 1
0.266999044011 0 0
0.312775169652 0 0
0.770638748679 1 1
0.005488445937 0 0
0.026433013178 0 0
0.020249132883 0 0
0.092512419544 0 0
0.172901897249 0 0
0.002773425790 0 0
0.458457946894 0 0
0.006569099876 0 0
0.537214227457 1 1
0.049439010175 0 0
0.033078163466 0 0
0.020627215535 0 0
0.294507739914 0 0
0.088062857882 0 0
0.017170960484 0 0
0.968167941928 1 1
0.099909455744 0 0
0.363957459558 0 1
0.970946035020 1 1
0.008238731111 0 0
0.733456203176 1 1
0.138246995068 0 0
0.921403205291 1 1
0.022449058277 0 0
0.016629133750 0 0
0.004970894931 0 0
0.008370362406 0 0
0.022277772781 0 0
0.639777555078 1 1
0.093188204686 0 0
0.437324317686 0 0
0.934398074585 1 1
0.102658127009 0 0
0.969660806010 1 1
0.240609288349 0 1
0.135815558657 0 0
0.782562755151 1 1
0.530381407388 1 1
0.886450495742 1 1
0.724899957544 1 1
0.082259032724 0 0
0.846115548952 1 0
0.014404139711 0 0
0.081390329415 0 0
0.003898592721 0 0
0.137804275916 0 0
0.158300394379 0 0
0.084264878915 0 0
0.039314265732 0 1
0.003716221268 0 0
0.017613331476 0 0
0.400543136351 0 0
0.972948928514 1 1
0.064975518794 0 0
0.442483883778 0 0
0.009112184732 0 0
0.233471988033 0 0
0.059179261377 0 0
0.401603393894 0 0
0.014803037014 0 0
0.972320878314 1 1
0.971812743853 1 1
0.006494952825 0 0
0.569950513660 1 1
0.016005360711 0 0
0.555986028319 1 0
0.101590808676 0 0
0.890783996155 1 0
0.777232318372 1 1
0.093770617061 0 0
0.258513459829 0 0
0.089743469944 0 0
0.061153593811 0 0
0.235355939075 0 0
0.162188234308 0 0
0.921332111293 1 1
0.507524748746 1 1
0.023331756927 0 0
0.032451749070 0 0
0.241220070972 0 1
0.012004801229 0 0
0.756684145675 1 1
0.005444095398 0 0
0.303466361343 0 0
0.383561386246 0 0
0.970870902685 1 1
0.010407582934 0 0
0.913237578604 1 1
0.077900678742 0 0
0.055788167373 0 0
0.457214578032 0 0
0.768657741456 1 1
0.076895287815 0 0
0.092929962947 0 0
0.274919725154 0 1
0.972689439741 1 1
0.012906063046 0 0
0.354526415147 0 1
0.229527790208 0 1
0.303168237309 0 0
0.839387463910 1 1
0.008961808518 0 0
0.012560922904 0 0
0.153139219960 0 0
0.460663445812 0 0
0.345502959917 0 1
0.053226099745 0 0
0.968666595435 1 1
0.483924539055 0 0
0.307919271315 0 1
0.548405393715 1 0
0.004288438584 0 0
0.047984128339 0 0
0.121096687970 0 0
0.006118478950 0 0
0.073417726869 0 0
0.088697877214 0 1
0.050274584966 0 0
0.008049990533 0 0
0.110478001759 0 0
0.881194458012 1 1
0.411402267265 0 1
0.067231928622 0 0
0.090142441580 0 0
0.009365289515 0 0
0.874569100318 1 1
0.231774436141 0 0
0.049928881096 0 0
0.293984524153 0 0
0.971292292708 1 1
0.745518810544 1 1
0.155965814418 0 0
0.389408451728 0 1
0.037212329903 0 0
0.012799823023 0 0
0.009094407287 0 0
0.342312980244 0 0
0.583477338172 1 1
0.964989076559 1 1
0.097328588229 0 1
0.053516832567 0 0
0.027510342754 0 0
0.179387797706 0 1
0.884472831686 1 1
0.003329242836 0 0
0.040627281732 0 0
0.971117213840 1 1
0.067325551755 0 0
0.011651837969 0 0
0.053662572079 0 0
0.023971978413 0 0
0.010350520139 0 0
0.032026138205 0 0
0.546510936467 1 1
0.211265070595 0 0
0.971798202138 1 1
0.428731935200 0 1
0.024359913919 0 0
0.070945992135 0 0
0.580836188224 1 0
0.144007151497 0 1
0.099877939900 0 0
0.969010182908 1 1
0.105834117210 0 0
0.067323428724 0 0
0.789898618905 1 1
0.006900838625 0 0
0.125673869447 0 1
0.355676142404 0 0
0.196071252005 0 1
0.576909210619 1 1
0.003965851931 0 0
0.010525873764 0 0
0.825426844866 1 1
0.177124980978 0 0
0.320597249264 0 1
0.940596747157 1 1
0.368263083184 0 1
0.754682733508 1 1
0.216455101985 0 0
0.294472321400 0 0
0.011769814265 0 0
0.182313044915 0 0
0.173285478485 0 1
0.315261388292 0 0
0.272236446033 0 1
0.179867353322 0 0
0.202139608038 0 0
0.738184780529 1 1
0.035757120181 0 0
0.429451222573 0 1
0.253705053823 0 0
0.060302562162 0 0
0.007903237224 0 0
0.083644910335 0 0
0.330200882596 0 1
0.372031686669 0 0
0.271995639885 0 1
0.102898041442 0 1
0.497390605932 0 0
0.006404614050 0 0
0.864001495876 1 1
0.056691837727 0 0
0.020088753789 0 0
0.028897609813 0 0
0.031346760432 0 0
0.349609645760 0 0
0.078521789957 0 1
0.961397703130 1 1
0.088458644372 0 0
0.165967950559 0 1
0.852267382480 1 1
0.084163766802 0 0
0.618122297185 1 1
0.646015185612 1 1
0.880876067412 1 1
0.208180468642 0 1
0.602640867740 1 1
0.096522994098 0 0
0.072296398042 0 0
0.007492901009 0 0
0.917839011681 1 1
0.043230762503 0 1
0.080653775208 0 0
0.129281898096 0 0
0.176710664145 0 0
0.963207750514 1 0
0.167436187580 0 1
0.019397706390 0 0
0.181390519893 0 1
0.056764821091 0 0
0.237116692785 0 0
0.241467484779 0 1
0.028171090389 0 0
0.221845996992 0 0
0.937671319217 1 1
0.007771027070 0 0
0.766329803587 1 1
0.102158707269 0 1
0.019536238931 0 0
0.074926362959 0 0
0.178128465260 0 0
0.621488703838 1 0
0.970776233221 1 1
0.017523682017 0 0
0.038908081999 0 0
0.120704749887 0 0
0.242886715159 0 0
0.087564264906 0 0
0.668314951427 1 1
0.068554079572 0 0
0.003378301203 0 0
0.949819794695 1 0
0.301303916297 0 0
0.971815751791 1 1
0.956038946867 1 1
0.045662797714 0 0
0.087536877603 0 0
0.038886561560 0 0
0.034536762738 0 0
0.017923122380 0 0
0.103886372601 0 0
0.017977394361 0 1
0.966035330577 1 1
0.180716336393 0 0
0.293367288312 0 0
0.320236082506 0 0
0.009387856490 0 0
0.171507892234 0 1
0.117255816964 0 0
0.969413579171 1 0
0.044799749012 0 1
0.778569497138 1 1
0.401290053727 0 0
0.239387190681 0 0
0.363271662841 0 1
0.090467335091 0 0
0.422001797985 0 1
0.018470418444 0 0
0.972955017133 1 1
0.554670880587 1 1
0.918675925299 1 1
0.971261218113 1 1
0.032126176219 0 0
0.087439619832 0 0
0.897813304684 1 1
0.263871720602 0 0
0.908008854918 1 1
0.014917833277 0 0
0.519977012496 1 1
0.034381252475 0 0
0.047866503903 0 0
0.092765130510 0 0
0.012871333718 0 0
0.236260633197 0 0
0.027118678009 0 0
0.476766748483 0 0
0.387325050586 0 0
0.004403014005 0 0
0.046871959738 0 0
0.754590265776 1 1
0.024853736427 0 0
0.016711294300 0 0
0.085789664279 0 0
0.009620628939 0 0
0.049165012079 0 0
0.149547270186 0 1
0.941580430091 1 1
0.706251402050 1 0
0.040370232386 0 0
0.959993767027 1 1
0.913348902893 1 1
0.049899259247 0 0
0.515819994810 1 0
0.096214019029 0 0
0.972957195996 1 1
0.065338429471 0 1
0.972584085863 1 1
0.427419740244 0 0
0.220005204345 0 0
0.015496929326 0 0
0.041454400551 0 0
0.175704181279 0 0
0.097857325911 0 0
0.020733446670 0 0
0.014361994120 0 0
0.011150495315 0 0
0.079787259034 0 0
0.008262808106 0 0
0.058041404027 0 0
0.316618622384 0 1
0.253772549876 0 0
0.007637084606 0 0
0.521413597991 1 1
0.010644727543 0 0
0.957993542486 1 1
0.127343077946 0 0
0.355496509579 0 1
0.017049959371 0 0
0.012025181155 0 0
0.574651848119 1 0
0.361006928813 0 1
0.604676297275 1 1
0.006274828691 0 0
0.623050606400 1 0
0.010489735034 0 0
0.967589465443 1 1
0.016066572115 0 0
0.661406376906 1 1
0.025195750764 0 0
0.110218069941 0 0
0.078428263071 0 0
0.970375809409 1 1
0.012248116126 0 0
0.386177127788 0 0
0.904811963995 1 1
0.027067567523 0 0
0.062666593782 0 0
0.199926498319 0 0
0.023412949090 0 0
0.691207915725 1 1
0.972088016856 1 1
0.019264987197 0 0
0.410209103464 0 1
0.455338492131 0 1
0.082786979420 0 0
0.509519386029 1 1
0.158950886041 0 0
0.096022519567 0 0
0.972461360188 1 1
0.051271328060 0 0
0.125006644195 0 0
0.141144803195 0 1
0.058180956673 0 0
0.010235305268 0 0
0.124854088701 0 0
0.322983598186 0 0
0.058531430695 0 0
0.112575414541 0 0
0.059701751542 0 0
0.451686144967 0 1
0.149804845861 0 0
0.003621215718 0 0
0.008634297040 0 0
0.138849342904 0 0
0.018712814149 0 0
0.205189033653 0 1
0.006623821317 0 0
0.014955324607 0 0
0.009621567127 0 0
0.367260003808 0 1
0.323224560592 0 0
0.103306666900 0 0
0.079607261466 0 0
0.038454717300 0 0
0.024066272735 0 0
0.017152707473 0 0
0.635460438495 1 0
0.724657632897 1 1
0.402287851365 0 1
0.014833754010 0 0
0.005302115634 0 0
0.078603676516 0 0
0.136543152181 0 0
0.844143597007 1 1
0.179598112331 0 1
0.958662181864 1 1
0.032779218738 0 0
0.360552115374 0 0
0.953652433434 1 1
0.915560849022 1 1
0.131032141959 0 0
0.075018453487 0 0
0.059589078133 0 0
0.016429246035 0 0
0.898957065495 1 1
0.164333676557 0 0
0.173646549340 0 0
0.081813898719 0 0
0.972622241769 1 1
0.424502077216 0 1
0.039617649046 0 0
0.569104398832 1 1
0.353144128362 0 0
0.377382353352 0 0
0.373291728666 0 1
0.108886975043 0 0
0.007449010083 0 0
0.093946539950 0 0
0.135718861063 0 0
0.006641363815 0 1
0.016787228559 0 0
0.183481825384 0 0
0.275474516378 0 1
0.054639293262 0 0
0.087812438021 0 0
0.114188974588 0 0
0.462188888286 0 1
0.967905066238 1 1
0.003545812798 0 0
0.894674323978 1 1
0.120145476655 0 0
0.806714987278 1 1
0.033058926350 0 0
0.179278996332 0 0
0.852477944678 1 1
0.484283014032 0 1
0.020609708484 0 0
0.870146561219 1 1
0.108688168908 0 0
0.418719537879 0 1
0.016190563596 0 0
0.021591816318 0 0
0.026228851540 0 0
0.263470932729 0 0
0.032326457604 0 0
0.039324718751 0 0
0.811078500604 1 1
0.095427101873 0 0
0.016947383885 0 0
0.920249169895 1 1
0.886585180520 1 1
0.972624884647 1 1
0.328930622327 0 0
0.868510443464 1 1
0.932811934150 1 1
0.767383724073 1 1
0.972070148298 1 1
0.082582827842 0 0
0.910138891601 1 1
0.223872402334 0 0
0.368263083184 0 1
0.048978355442 0 0
0.140030964037 0 0
0.134641315416 0 0
0.724479563847 1 1
0.152557780384 0 0
0.024435537358 0 0
0.065504279127 0 0
0.288441588161 0 0
0.016959092478 0 0
0.961109001210 1 1
0.008757333828 0 0
0.017645860834 0 0
0.175280042271 0 0
0.812875145021 1 1
0.111032022970 0 0
0.241376083082 0 0
0.972251574144 1 1
0.638569777267 1 0
0.965201450042 1 1
0.218074755220 0 0
0.075989258863 0 0
0.072643232810 0 0
0.193668914730 0 0
0.379214816402 0 0
0.112735379339 0 0
0.972215040293 1 1
0.251896727383 0 0
0.254426572505 0 1
0.010294911682 0 0
0.037209490619 0 1
0.100396610126 0 0
0.312785117699 0 0
0.817305427690 1 0
0.961859103218 1 1
0.005998531029 0 0
0.890170764592 1 1
0.277569834925 0 0
0.008908327766 0 0
0.225096364377 0 0
0.018130382334 0 0
0.029377879986 0 0
0.005013904086 0 0
0.209408586936 0 0
0.473979138217 0 1
0.073312442242 0 0
0.020476533607 0 0
0.515172936894 1 1
0.428860499045 0 0
0.372247786757 0 0
0.916919233197 1 1
0.151218284342 0 0
0.091716779403 0 0
0.053532678906 0 1
0.306804359912 0 1
0.011301495073 0 0
0.122368221228 0 0
0.224180319589 0 0
0.008682015014 0 0
0.077727340423 0 0
2419 434
0.744103773585
